The big matrix is:
[[  69  92  38  71  89  59  20  81  25  6   70  83  13  71  17  ]
 [  15  82  66  19  45  37  72  25  25  97  24  53  7   86  10  ]
 [  51  77  19  20  76  81  69  20  43  69  37  94  18  20  23  ]
 [  23  95  8   73  62  10  91  76  3   98  36  85  68  46  86  ]
 [  36  31  88  80  48  88  9   47  3   55  98  66  13  77  36  ]
 [  69  68  10  90  32  57  88  48  91  54  90  46  35  52  90  ]
 [  68  69  1   65  20  28  71  66  91  12  62  49  22  70  18  ]
 [  79  35  17  4   26  1   12  57  64  80  62  28  99  11  71  ]
 [  87  52  99  82  61  94  89  90  22  17  30  51  85  85  29  ]
 [  99  90  42  61  20  68  31  96  23  21  39  54  56  84  45  ]
 [  9   74  69  41  30  8   18  100 55  13  6   93  88  49  10  ]
 [  36  12  57  9   86  53  6   36  33  23  49  75  67  64  38  ]
 [  53  50  93  65  50  45  42  7   55  61  83  97  90  96  52  ]
 [  92  33  42  65  65  49  28  2   44  98  99  14  26  46  75  ]
 [  30  33  6   20  49  17  90  84  4   63  10  69  8   39  9   ]]
Global sum is 4421
